// Q = diag([10 300 400 20 300 10 300 10 6000 60 ])
// R = diag([1 1 1 1 ])

static const float K_1[40] {-1.633345, -9.815833, -9.669255, -3.251849, -17.610734, -2.876999, -4.648343, 0.001677, -31.595322, -6.388489, -1.633345, -9.815833, 9.669255, 3.251849, -4.648343, 0.001677, -17.610734, -2.876999, -31.595322, -6.388489, 1.183274, 6.946210, -11.453729, -3.431212, 11.787935, 1.972074, 1.420873, -0.061185, -46.023385, -5.464175, 1.183274, 6.946210, 11.453729, 3.431212, 1.420873, -0.061185, 11.787935, 1.972074, -46.023385, -5.464175};

static const float K_2[40] {-13.269620, -76.976739, 76.494762, 32.795878, -144.456051, -14.409754, -21.035394, -6.964687, 73.330175, 7.562109, 9.825068, 58.000199, 15.153572, 7.974938, -8.651822, -0.997258, 43.179358, 4.559212, 34.805689, 14.331103, -5.416547, -31.053688, -14.969295, -11.274030, 4.450411, -4.566580, -30.930522, -1.697514, -87.429562, -17.047780, 1.714799, 9.119680, 8.345932, 5.769427, -11.994313, 2.985368, 14.745826, 0.930453, 41.004595, 7.679152};

static const float K_3[40] {23.264834, 134.758276, -90.400142, -34.543274, 116.646351, -4.714100, 70.080744, 18.005394, -67.208456, 0.153488, -9.497035, -56.204910, -28.030648, -14.340414, 24.423619, 0.727661, -58.718026, -6.904847, -39.818648, -16.362866, 2.656573, 14.673008, 32.923516, 21.514183, -39.117397, 2.395381, 42.470107, 2.020166, 121.685976, 21.135521, -1.898157, -10.023901, -17.880929, -11.450251, 40.020426, 1.887151, -29.679372, -2.561160, -60.970301, -11.476131};

static const float K_4[40] {9.825068, 58.000199, -15.153572, -7.974938, 43.179358, 4.559212, -8.651822, -0.997258, 34.805689, 14.331103, -13.269620, -76.976739, -76.494762, -32.795878, -21.035394, -6.964687, -144.456051, -14.409754, 73.330175, 7.562109, 1.714799, 9.119680, -8.345932, -5.769427, 14.745826, 0.930453, -11.994313, 2.985368, 41.004595, 7.679152, -5.416547, -31.053688, 14.969295, 11.274030, -30.930522, -1.697514, 4.450411, -4.566580, -87.429562, -17.047780};

static const float K_5[40] {-9.497035, -56.204910, 28.030648, 14.340414, -58.718026, -6.904847, 24.423619, 0.727661, -39.818648, -16.362866, 23.264834, 134.758276, 90.400142, 34.543274, 70.080744, 18.005394, 116.646351, -4.714100, -67.208456, 0.153488, -1.898157, -10.023901, 17.880929, 11.450251, -29.679372, -2.561160, 40.020426, 1.887151, -60.970301, -11.476131, 2.656573, 14.673008, -32.923516, -21.514183, 42.470107, 2.020166, -39.117397, 2.395381, 121.685976, 21.135521};

static const float K_6[40] {-8.953482, -53.642377, 7.568889, 2.559356, -2.635921, 4.550010, -50.140478, -21.521198, -23.337260, -11.345950, -8.953482, -53.642377, -7.568889, -2.559356, -50.140478, -21.521198, -2.635921, 4.550010, -23.337260, -11.345950, 3.532658, 21.176450, 0.498657, -2.259992, 37.309255, 7.169295, -29.904503, -7.535964, 7.243548, 4.083177, 3.532658, 21.176450, -0.498657, 2.259992, -29.904503, -7.535964, 37.309255, 7.169295, 7.243548, 4.083177};

